gain,rx_gain_force,rfrx_gain,bb_gain,tone_power,rx_power,rx_noise,rx_gain,gain_delta, dci, dcq, cable_lose,bb1, dcoi1, dcoq1, dcoi2, dcoq2
0,0,0x1a0,0x0,-2,41.42,1.51,43.42,1,-2.93,0.70,2,0x189,272,277,260,253,
1,1,0x1a0,0x40,-2,42.41,1.59,44.41,0.98,-1.84,1.40,2,0x189,272,277,262,253,
2,2,0x1a0,0x80,-2,43.40,1.02,45.40,1.00,-2.67,1.72,2,0x189,272,277,262,255,
3,3,0x1a0,0xc0,-2,44.39,1.42,46.39,0.98,-1.45,0.80,2,0x189,272,277,265,255,
4,4,0x1a0,0x100,-2,45.38,3.08,47.38,0.99,-2.99,1.20,2,0x189,272,277,264,256,
5,5,0x1a0,0x140,-2,46.36,2.65,48.36,0.98,-1.14,1.18,2,0x189,272,277,267,256,
6,6,0x1a0,0x20,-2,47.43,3.09,49.43,1.07,-3.31,-0.04,2,0x189,272,277,260,253,
7,7,0x184,0x0,-2,48.38,1.62,50.38,0.96,-3.53,1.46,2,0x189,272,277,260,253,
8,8,0x184,0x40,-2,49.38,1.02,51.38,0.99,-2.24,1.75,2,0x189,272,277,262,253,
9,9,0x184,0x80,-8,43.99,0.15,51.99,0.61,-2.86,2.00,2,0x189,272,277,262,255,
10,10,0x184,0xc0,-8,44.98,4.72,52.98,0.99,-2.21,1.16,2,0x189,272,277,265,255,
11,11,0x184,0x100,-8,45.97,4.22,53.97,0.99,-2.66,1.67,2,0x189,272,277,264,256,
12,12,0x1a6,0x0,-8,47.48,-2.77,55.48,1.51,-2.91,2.61,2,0x189,275,277,260,253,
13,13,0x1a6,0x40,-8,48.46,0.30,56.46,0.98,-2.59,2.76,2,0x189,275,277,262,253,
14,14,0x1a6,0x80,-8,49.46,1.63,57.46,0.99,-4.73,3.90,2,0x189,275,277,262,255,
15,15,0x1a6,0xc0,-14,44.48,3.07,58.48,1.02,-2.56,3.49,2,0x189,275,277,265,255,
16,16,0x1a6,0x100,-14,45.46,5.62,59.46,0.99,-3.79,4.05,2,0x189,275,277,264,256,
17,17,0x1a6,0x140,-14,46.44,3.73,60.44,0.98,-3.41,3.08,2,0x189,275,277,267,256,
18,18,0x1b4,0x0,-14,47.50,3.51,61.50,1.06,-0.60,1.14,2,0x189,275,277,260,253,
19,19,0x1b4,0x40,-14,48.49,-2.85,62.49,0.99,-0.05,0.52,2,0x189,275,277,262,253,
20,20,0x1b4,0x80,-14,49.47,2.12,63.47,0.98,-0.46,1.60,2,0x189,275,277,262,255,
21,21,0x1b4,0xc0,-20,44.44,1.89,64.44,0.97,0.61,1.07,2,0x189,275,277,265,255,
22,22,0x1b4,0x100,-20,45.43,1.34,65.43,0.98,-0.03,0.48,2,0x189,275,277,264,256,
23,23,0x1e4,0x0,-20,45.88,2.17,65.88,0.45,-1.16,1.29,2,0x189,275,277,260,253,
24,24,0x1e4,0x40,-20,46.86,-2.30,66.86,0.98,0.35,1.30,2,0x189,275,277,262,253,
25,25,0x1e4,0x80,-20,47.85,0.19,67.85,0.99,-0.37,2.16,2,0x189,275,277,262,255,
26,26,0x1e4,0xc0,-20,48.84,3.38,68.84,0.99,1.72,0.63,2,0x189,275,277,265,255,
27,27,0x1c6,0x0,-20,49.24,2.91,69.24,0.39,-3.55,2.77,2,0x189,275,277,260,253,
28,28,0x1c6,0x40,-26,44.25,0.07,70.25,1.01,-3.53,2.29,2,0x189,275,277,262,253,
29,29,0x1c6,0x80,-26,45.23,4.36,71.23,0.98,-3.47,3.43,2,0x189,275,277,262,255,
30,30,0x1c6,0xc0,-26,46.21,1.56,72.21,0.98,-2.94,2.97,2,0x189,275,277,265,255,
31,31,0x1e6,0x0,-26,47.45,1.93,73.45,1.24,-2.58,3.19,2,0x189,276,277,260,253,
32,32,0x1e6,0x40,-26,48.44,0.32,74.44,0.99,-2.33,2.78,2,0x189,276,277,262,253,
33,33,0x1e6,0x80,-26,49.43,3.28,75.43,0.99,-2.73,4.63,2,0x189,276,277,262,255,
34,34,0x1e6,0xc0,-32,44.37,2.33,76.37,0.94,-1.13,3.94,2,0x189,276,277,265,255,
35,35,0x1ee,0x0,-32,45.21,4.31,77.21,0.83,-3.68,4.72,2,0x189,278,277,260,253,
36,36,0x1ee,0x40,-32,46.20,4.60,78.20,0.99,-3.33,4.90,2,0x189,278,277,262,253,
37,37,0x1ee,0x80,-32,47.18,5.00,79.18,0.98,-3.77,5.90,2,0x189,278,277,262,255,
38,38,0x1ee,0xc0,-32,48.17,5.56,80.17,0.99,-2.51,5.81,2,0x189,278,277,265,255,
39,39,0x1d0,0x0,-32,49.24,5.04,81.24,1.07,1.72,1.10,2,0x189,277,277,260,253,
40,40,0x1d0,0x40,-38,44.48,-3.69,82.48,1.24,3.05,0.86,2,0x189,277,277,262,253,
41,41,0x1d0,0x80,-38,45.46,1.49,83.46,0.98,3.37,1.01,2,0x189,277,277,262,255,
42,42,0x1d0,0xc0,-38,46.46,2.05,84.46,1.00,4.84,0.19,2,0x189,277,277,265,255,
43,43,0x1d0,0x100,-38,47.44,3.89,85.44,0.98,5.17,1.06,2,0x189,277,277,264,256,
44,44,0x1d4,0x0,-38,48.39,3.49,86.39,0.96,0.60,1.94,2,0x189,277,277,260,253,
45,45,0x1d4,0x40,-38,49.39,3.26,87.39,1.00,2.34,0.32,2,0x189,277,277,262,253,
46,46,0x1d4,0x80,-44,44.28,5.38,88.28,0.90,2.62,0.72,2,0x189,277,277,262,255,
47,47,0x1d4,0xc0,-44,45.27,4.77,89.27,0.98,4.28,0.86,2,0x189,277,277,265,255,
48,48,0x1d4,0x100,-44,46.26,3.91,90.26,1.00,2.82,0.70,2,0x189,277,277,264,256,
49,49,0x1f4,0x0,-44,47.01,6.14,91.01,0.74,1.09,2.62,2,0x189,276,277,260,253,
50,50,0x1f4,0x40,-44,47.99,5.87,91.99,0.99,2.85,2.61,2,0x189,276,277,262,253,
51,51,0x1f4,0x80,-44,48.99,3.83,92.99,0.99,3.23,2.76,2,0x189,276,277,262,255,
52,52,0x1f4,0xc0,-44,49.97,4.64,93.97,0.98,3.91,2.34,2,0x189,276,277,265,255,
53,53,0x1f4,0x100,-50,44.94,4.36,94.94,0.97,3.99,2.53,2,0x189,276,277,264,256,
54,54,0x1f4,0x140,-50,45.93,4.85,95.93,0.99,5.56,3.29,2,0x189,276,277,267,256,
55,55,0x1f4,0x20,-50,47.00,5.81,97.00,1.07,4.62,2.82,2,0x189,276,277,260,253,
56,56,0x1f8,0x0,-50,47.97,6.95,97.97,0.97,-1.33,3.38,2,0x189,276,273,260,253,
57,57,0x1f8,0x40,-50,48.96,9.59,98.96,0.99,-1.15,4.56,2,0x189,276,273,262,253,
58,58,0x1f8,0x80,-50,49.96,8.61,99.96,0.99,-1.15,4.51,2,0x189,276,273,262,255,
59,59,0x1f8,0xc0,-56,44.95,10.63,100.95,0.99,0.57,5.73,2,0x189,276,273,265,255,
60,60,0x1f8,0x100,-56,45.93,10.39,101.93,0.98,0.76,5.16,2,0x189,276,273,264,256,
61,61,0x1fe,0x0,-56,46.31,9.99,102.31,0.38,1.34,1.28,2,0x189,279,265,260,253,
62,62,0x1fe,0x40,-56,47.29,12.10,103.29,0.98,2.12,1.09,2,0x189,279,265,262,253,
63,63,0x1fe,0x80,-56,48.28,13.13,104.28,0.99,2.63,1.31,2,0x189,279,265,262,255,
64,64,0x1fe,0xc0,-56,49.27,12.21,105.27,0.99,3.26,1.21,2,0x189,279,265,265,255,
65,65,0x1fe,0x100,-62,44.37,14.52,106.37,1.09,4.83,2.28,2,0x189,279,265,264,256,
66,66,0x1fe,0x140,-62,45.37,15.09,107.37,1.01,6.54,1.14,2,0x189,279,265,267,256,
67,67,0x1fe,0x20,-62,46.49,16.97,108.49,1.11,5.00,-1.45,2,0x189,279,265,260,253,
68,68,0x1fe,0x60,-62,47.49,17.84,109.49,1.00,9.09,-2.67,2,0x189,279,265,262,253,
69,69,0x1fe,0xa0,-62,48.48,18.80,110.48,0.99,7.22,-1.56,2,0x189,279,265,262,255,
70,70,0x1fe,0xe0,-62,49.46,20.23,111.46,0.98,7.66,-2.21,2,0x189,279,265,265,255,
71,71,0x1fe,0x120,-68,44.56,18.92,112.56,1.10,10.63,-1.80,2,0x189,279,265,264,256,
72,72,0x1fe,0x160,-68,45.54,22.62,113.54,0.98,11.71,-3.67,2,0x189,279,265,267,256,
73,73,0x1fe,0x30,-68,46.61,22.40,114.61,1.08,10.62,-2.33,2,0x189,279,265,260,253,
74,74,0x1fe,0x70,-68,47.58,25.44,115.58,0.96,14.49,-4.76,2,0x189,279,265,262,253,
75,75,0x1fe,0xb0,-68,48.59,25.71,116.59,1.02,15.25,-1.30,2,0x189,279,265,262,255,
76,76,0x1fe,0xf0,-68,49.54,24.17,117.54,0.95,18.65,-6.31,2,0x189,279,265,265,255,
77,77,0x1fe,0x130,-74,44.69,25.16,118.69,1.15,23.62,-1.84,2,0x189,279,265,264,256,
78,78,0x1fe,0x170,-74,46.17,25.96,120.17,1.47,29.16,-4.24,2,0x189,279,265,267,256,
79,79,0x1fe,0x32,-74,46.69,26.93,120.69,0.52,28.63,-14.05,2,0x189,279,265,260,253,
80,80,0x1fe,0x72,-74,47.69,29.55,121.69,1.00,35.62,-14.05,2,0x189,279,265,262,253,
81,81,0x1fe,0xb2,-74,48.62,28.82,122.62,0.93,33.70,-9.31,2,0x189,279,265,262,255,
82,82,0x1fe,0xf2,-74,49.76,29.79,123.76,1.14,41.62,-10.47,2,0x189,279,265,265,255,
83,83,0x1fe,0x132,-80,45.14,34.31,125.14,1.38,54.38,-22.82,2,0x189,279,265,264,256,
84,84,0x1fe,0x172,-80,46.09,33.21,126.09,0.95,47.58,-20.21,2,0x189,279,265,267,256,
