gain,rx_gain_force,rfrx_gain,bb_gain,tone_power,rx_power,rx_noise,rx_gain,gain_delta, dci, dcq, cable_lose,bb1, dcoi1, dcoq1, dcoi2, dcoq2
0,0,0x1a0,0x0,-2,42.18,1.89,44.18,1,-2.29,1.26,2,0x189,251,214,256,242,
1,1,0x1a0,0x40,-2,43.18,3.41,45.18,1.00,-1.93,1.56,2,0x189,251,214,256,240,
2,2,0x1a0,0x80,-2,44.17,0.85,46.17,0.99,-1.95,1.07,2,0x189,251,214,256,235,
3,3,0x1a0,0xc0,-2,45.16,3.13,47.16,0.98,-1.56,1.32,2,0x189,251,214,256,232,
4,4,0x1a0,0x100,-2,46.16,5.30,48.16,1.00,-1.08,1.30,2,0x189,251,214,256,229,
5,5,0x1a0,0x140,-2,47.13,5.03,49.13,0.97,0.11,0.99,2,0x189,251,214,256,224,
6,6,0x1a0,0x20,-2,48.19,2.27,50.19,1.06,-0.32,3.50,2,0x189,251,214,256,242,
7,7,0x184,0x0,-2,48.95,0.41,50.95,0.76,-2.99,0.57,2,0x189,250,213,256,242,
8,8,0x184,0x40,-2,49.93,2.97,51.93,0.98,-3.33,0.84,2,0x189,250,213,256,240,
9,9,0x184,0x80,-8,44.99,0.98,52.99,1.06,-2.31,0.09,2,0x189,250,213,256,235,
10,10,0x184,0xc0,-8,45.95,1.37,53.95,0.96,-1.74,1.08,2,0x189,250,213,256,232,
11,11,0x184,0x100,-8,46.93,3.03,54.93,0.99,-2.21,1.82,2,0x189,250,213,256,229,
12,12,0x1a6,0x0,-8,48.34,1.88,56.34,1.40,-1.97,0.43,2,0x189,248,211,256,242,
13,13,0x1a6,0x40,-8,49.32,5.65,57.32,0.98,-2.16,1.58,2,0x189,248,211,256,240,
14,14,0x1a6,0x80,-14,44.36,2.68,58.36,1.05,-1.62,-0.41,2,0x189,248,211,256,235,
15,15,0x1a6,0xc0,-14,45.33,1.58,59.33,0.97,-0.57,0.26,2,0x189,248,211,256,232,
16,16,0x1a6,0x100,-14,46.32,4.55,60.32,0.99,0.10,1.63,2,0x189,248,211,256,229,
17,17,0x1a6,0x140,-14,47.30,6.42,61.30,0.98,0.44,1.76,2,0x189,248,211,256,224,
18,18,0x1b4,0x0,-14,48.52,4.43,62.52,1.22,-4.61,-0.24,2,0x189,248,211,256,242,
19,19,0x1b4,0x40,-14,49.50,4.51,63.50,0.98,-4.34,0.12,2,0x189,248,211,256,240,
20,20,0x1b4,0x80,-20,44.51,3.85,64.51,1.01,-4.20,-1.37,2,0x189,248,211,256,235,
21,21,0x1b4,0xc0,-20,45.43,4.19,65.43,0.92,-5.69,-1.91,2,0x189,248,211,256,232,
22,22,0x1b4,0x100,-20,46.48,5.07,66.48,1.05,-6.00,-1.53,2,0x189,248,211,256,229,
23,23,0x1e4,0x0,-20,46.54,-3.44,66.54,0.06,-3.06,-1.08,2,0x189,248,211,256,242,
24,24,0x1e4,0x40,-20,47.51,-3.45,67.51,0.97,-3.38,0.29,2,0x189,248,211,256,240,
25,25,0x1e4,0x80,-20,48.49,0.55,68.49,0.99,-3.16,-1.31,2,0x189,248,211,256,235,
26,26,0x1e4,0xc0,-20,49.48,2.57,69.48,0.98,-2.75,-2.56,2,0x189,248,211,256,232,
27,27,0x1c6,0x0,-20,49.45,1.64,69.45,-0.03,-0.86,0.28,2,0x189,248,211,256,242,
28,28,0x1c6,0x40,-26,44.44,0.97,70.44,0.99,-0.12,1.09,2,0x189,248,211,256,240,
29,29,0x1c6,0x80,-26,45.41,-0.25,71.41,0.97,-0.35,0.20,2,0x189,248,211,256,235,
30,30,0x1c6,0xc0,-26,46.39,-0.52,72.39,0.98,0.01,0.23,2,0x189,248,211,256,232,
31,31,0x1e6,0x0,-26,48.01,0.81,74.01,1.63,-1.40,-0.35,2,0x189,247,210,256,242,
32,32,0x1e6,0x40,-26,49.00,1.75,75.00,0.98,-1.42,0.22,2,0x189,247,210,256,240,
33,33,0x1e6,0x80,-32,44.02,3.54,76.02,1.02,-0.77,-0.75,2,0x189,247,210,256,235,
34,34,0x1e6,0xc0,-32,44.99,3.19,76.99,0.97,-0.62,-1.07,2,0x189,247,210,256,232,
35,35,0x1ee,0x0,-32,45.72,2.77,77.72,0.73,-1.03,0.39,2,0x189,245,209,256,242,
36,36,0x1ee,0x40,-32,46.70,6.37,78.70,0.98,-1.56,1.63,2,0x189,245,209,256,240,
37,37,0x1ee,0x80,-32,47.68,2.47,79.68,0.99,-0.12,0.56,2,0x189,245,209,256,235,
38,38,0x1ee,0xc0,-32,48.67,5.39,80.67,0.99,-0.36,0.83,2,0x189,245,209,256,232,
39,39,0x1d0,0x0,-32,49.84,0.39,81.84,1.17,-6.14,-2.98,2,0x189,245,209,256,242,
40,40,0x1d0,0x40,-38,44.85,1.84,82.85,1.01,-7.30,-2.91,2,0x189,245,209,256,240,
41,41,0x1d0,0x80,-38,45.77,4.83,83.77,0.93,-7.75,-4.20,2,0x189,245,209,256,235,
42,42,0x1d0,0xc0,-38,46.75,3.77,84.75,0.98,-8.43,-4.55,2,0x189,245,209,256,232,
43,43,0x1d0,0x100,-38,47.80,3.89,85.80,1.04,-8.84,-5.44,2,0x189,245,209,256,229,
44,44,0x1d4,0x0,-38,48.53,2.44,86.53,0.73,-6.19,-2.94,2,0x189,245,209,256,242,
45,45,0x1d4,0x40,-38,49.51,2.82,87.51,0.98,-6.87,-2.39,2,0x189,245,209,256,240,
46,46,0x1d4,0x80,-44,44.58,4.76,88.58,1.07,-7.39,-4.96,2,0x189,245,209,256,235,
47,47,0x1d4,0xc0,-44,45.56,6.29,89.56,0.97,-6.90,-5.19,2,0x189,245,209,256,232,
48,48,0x1d4,0x100,-44,46.54,6.18,90.54,0.99,-8.73,-5.33,2,0x189,245,209,256,229,
49,49,0x1f4,0x0,-44,47.69,3.82,91.69,1.15,-5.09,-3.32,2,0x189,245,209,256,242,
50,50,0x1f4,0x40,-44,48.67,4.52,92.67,0.98,-5.15,-3.52,2,0x189,245,209,256,240,
51,51,0x1f4,0x80,-44,49.66,5.71,93.66,0.99,-5.47,-4.29,2,0x189,245,209,256,235,
52,52,0x1f4,0xc0,-50,44.75,16.78,94.75,1.08,-4.64,-4.49,2,0x189,245,209,256,232,
53,53,0x1f4,0x100,-50,45.72,6.03,95.72,0.98,-4.70,-4.53,2,0x189,245,209,256,229,
54,54,0x1f4,0x140,-50,46.70,6.00,96.70,0.98,-5.08,-5.92,2,0x189,245,209,256,224,
55,55,0x1f4,0x20,-50,47.81,9.14,97.81,1.11,-4.90,-5.55,2,0x189,245,209,256,242,
56,56,0x1f8,0x0,-50,48.70,6.49,98.70,0.89,0.07,-2.08,2,0x189,241,209,256,242,
57,57,0x1f8,0x40,-50,49.67,8.86,99.67,0.98,-0.32,-1.48,2,0x189,241,209,256,240,
58,58,0x1f8,0x80,-56,44.64,9.80,100.64,0.97,-0.24,-1.60,2,0x189,241,209,256,235,
59,59,0x1f8,0xc0,-56,45.58,12.08,101.58,0.93,0.86,-2.59,2,0x189,241,209,256,232,
60,60,0x1f8,0x100,-56,46.61,10.17,102.61,1.03,1.52,-1.90,2,0x189,241,209,256,229,
61,61,0x1fe,0x0,-56,46.85,10.01,102.85,0.24,-2.43,-3.92,2,0x189,234,205,256,242,
62,62,0x1fe,0x40,-56,47.82,10.88,103.82,0.97,-2.15,-4.94,2,0x189,234,205,256,240,
63,63,0x1fe,0x80,-56,48.81,14.16,104.81,0.99,-1.36,-6.26,2,0x189,234,205,256,235,
64,64,0x1fe,0xc0,-56,49.79,12.73,105.79,0.98,-2.55,-6.27,2,0x189,234,205,256,232,
65,65,0x1fe,0x100,-62,44.91,15.37,106.91,1.11,-1.83,-7.46,2,0x189,234,205,256,229,
66,66,0x1fe,0x140,-62,45.88,20.88,107.88,0.98,-1.56,-9.12,2,0x189,234,205,256,224,
67,67,0x1fe,0x20,-62,47.06,15.65,109.06,1.17,0.80,-8.01,2,0x189,234,205,256,242,
68,68,0x1fe,0x60,-62,48.03,18.60,110.03,0.97,0.92,-8.89,2,0x189,234,205,256,240,
69,69,0x1fe,0xa0,-62,49.01,21.63,111.01,0.98,-0.32,-12.88,2,0x189,234,205,256,235,
70,70,0x1fe,0xe0,-62,49.99,18.42,111.99,0.99,3.74,-13.35,2,0x189,234,205,256,232,
71,71,0x1fe,0x120,-68,45.03,19.23,113.03,1.04,1.66,-12.63,2,0x189,234,205,256,229,
72,72,0x1fe,0x160,-68,45.96,20.20,113.96,0.93,2.44,-12.54,2,0x189,234,205,256,224,
73,73,0x1fe,0x30,-68,47.05,21.24,115.05,1.09,1.75,-14.56,2,0x189,234,205,256,242,
74,74,0x1fe,0x70,-68,48.06,38.76,116.06,1.01,3.78,-18.13,2,0x189,234,205,256,240,
75,75,0x1fe,0xb0,-68,49.04,23.44,117.04,0.98,2.54,-19.69,2,0x189,234,205,256,235,
76,76,0x1fe,0xf0,-74,44.20,24.55,118.20,1.16,6.99,-24.67,2,0x189,234,205,256,232,
77,77,0x1fe,0x130,-74,45.09,25.28,119.09,0.89,10.37,-20.23,2,0x189,234,205,256,229,
78,78,0x1fe,0x170,-74,46.15,28.45,120.15,1.05,4.98,-30.79,2,0x189,234,205,256,224,
79,79,0x1fe,0x32,-74,47.14,29.90,121.14,0.99,11.54,-26.69,2,0x189,234,205,256,242,
80,80,0x1fe,0x72,-74,48.13,29.67,122.13,0.99,12.26,-31.95,2,0x189,234,205,256,240,
81,81,0x1fe,0xb2,-80,43.49,29.09,123.49,1.36,12.87,-31.10,2,0x189,234,205,256,235,
82,82,0x1fe,0xf2,-80,44.56,31.36,124.56,1.07,20.77,-42.31,2,0x189,234,205,256,232,
83,83,0x1fe,0x132,-80,45.84,31.14,125.84,1.27,24.99,-47.47,2,0x189,234,205,256,229,
84,84,0x1fe,0x172,-80,46.54,37.97,126.54,0.70,28.34,-45.90,2,0x189,234,205,256,224,
